SUM of Revenue,Year,,,,,,
Country,2011,2012,2013,2014,2015,2016,Grand Total
Australia,2.97%,3.00%,4.82%,3.29%,6.70%,4.21%,24.98%
Canada,0.93%,0.98%,1.69%,1.73%,2.03%,1.95%,9.31%
France,1.11%,1.13%,1.68%,1.65%,2.20%,2.11%,9.89%
Germany,0.98%,0.98%,1.70%,2.00%,2.26%,2.61%,10.53%
United Kingdom,0.97%,0.98%,2.19%,2.36%,2.91%,3.07%,12.49%
United States,3.57%,3.69%,5.79%,5.57%,7.37%,6.81%,32.81%
Grand Total,10.51%,10.76%,17.87%,16.60%,23.48%,20.77%,100.00%